# Number of nodes
100

# Nodes to be delivered (count = 10)
2, 19, 18, 38, 25, 4, 5, 10, 11, 50

# Warehouses (count = 34)
96, 53, 88, 67, 82, 65, 100, 78, 81, 98, 83, 85, 94, 75, 68, 74, 51, 89, 77, 55, 58, 91, 60, 99, 90, 79, 64, 69, 62, 56, 84, 76, 80, 95

# Distance matrix A (size = (100, 100))
0.0 0.7157163233826783 0.5526283621000002 0.41859923634820884 0.27508825499237155 0.579736847759676 0.59267035516254 0.7352394563200032 0.9905933287161858 0.5987891202205008 0.3445001762129378 0.23631019596326952 0.5846641100334576 0.6713553708909019 0.6816353462629439 0.20356728859988296 0.37438426901058053 0.16254166747006868 0.5165120169157245 0.11867568266781144 0.16196227802937022 0.8386375708890013 0.18324405397996793 0.32555345042318873 0.11717154143260904 0.580416660511649 0.43249330583374673 0.2522637640094585 0.7922251678194345 0.46714108066030313 0.6112564747191528 0.08431473771788799 0.7118091308476412 0.22681569482320837 0.32904175320892304 0.38903088712841827 0.6069894411743005 0.7287136538491843 0.7889389637927622 0.24415778009692443 0.33303036413866827 0.7096174452845846 0.35930940005370393 0.6375937195702488 0.8164980691209701 0.6877092060763438 0.5229777529987825 0.7750754071751939 0.5754427712072407 0.29970772146108354 0.23558903438006068 0.5143415619280863 0.5361045786818073 0.5860240522919369 0.526569791150211 0.540772123950911 0.7388073454745027 0.552615577038246 0.40194376038052243 0.8596019416408462 0.7004704821972269 0.16046957645541338 0.14064076058199287 0.9746034916818219 0.6251478966858636 0.06809625690115607 0.3039276188320144 0.18461350908061094 0.13486406223332026 0.38693419446431654 0.8179275794658118 0.07776930081476686 0.4531399306463893 0.9816774790295799 0.6885683479639179 0.23678298676188522 0.35749175275520806 0.3407464022162241 0.171040128435449 0.18360436304863845 0.6622956579611761 0.8330097596570077 0.7429415065104068 0.1624098418498941 0.7426040974494664 0.8221611512360024 0.4728876197221494 0.9420082098286814 0.32141507060090657 0.12281084566445195 0.85076317622379 0.536281641045002 0.31268340352338336 0.4869671246424986 0.1648338906493986 0.3024939043084657 0.04906427960242536 0.17384137745202227 0.8108761038619412 0.4444431976834332
0.7157163233826783 0.0 0.9289511013453384 0.3633395889289943 0.9277031396603037 0.5336617657799042 1.113401479125169 0.2822166155401787 0.8108566452480767 0.12733520213796198 0.7080082868076106 0.81945437499563 0.2323893719903615 0.08748698763462841 0.10893702245468527 0.7572721080738378 0.6649522508881138 0.555790590776622 0.49985184917983766 0.7362675720492965 0.615395413875724 0.5903710085884518 0.7081174724552919 0.49826068268798385 0.6433610272938789 0.4906579882321658 0.7654562893261533 0.7524394390206134 0.4235273413107502 0.4056445741132544 0.7592974358383284 0.7085263807832233 0.7261917400884689 0.49195759960920094 0.39857111328806877 0.696412673563601 0.5544958057341537 0.40471855526623435 0.8628230374603794 0.6599916363240461 0.8916171344119184 0.22055486541737299 0.8404612060397314 0.4286030143859635 0.8271473599482472 0.06706641841162289 0.20140367606568646 0.3550545274895736 0.24753493128634863 0.41601094879742967 0.9259807956497953 0.9569100983065701 0.5595326413789781 0.7336402301188402 0.7246642467591777 0.435842135934815 0.8825565384169872 0.828997177470479 0.6318824092880005 0.15039175959662937 0.18264038320270645 0.639636577271779 0.772530327235861 0.7375378116791856 0.9280973262363096 0.7837895389040493 0.7223374722788046 0.5404501659036539 0.5826505527683498 0.43089827771044414 0.16616488324632617 0.6379471269688749 0.8361034820967389 0.7404299614482058 0.12269978001381665 0.9107440075367598 0.6753112822584368 0.3925421554823031 0.8341864121581677 0.7812252380989021 0.4985435563869215 0.7141029856845391 0.5544872890786374 0.5761627790192909 0.04384916531918149 0.7792128637144095 0.3337477961383755 0.8287216525198228 0.6433310777166855 0.8382829379941722 0.6575484250194173 0.20104198600544376 0.6625935579772515 0.9579318741731603 0.835116737419502 0.8490485164544098 0.6712803080060789 0.7681013138757384 0.31828702228811484 0.6699885405247372
0.5526283621000002 0.9289511013453384 0.0 0.8236613570104313 0.3873605072092727 0.4436615883801855 0.232040632000451 0.7616568642144 0.6639136806887479 0.867517715790813 0.25109704589068216 0.3292377334966189 0.7023742069919829 0.9374572905683396 0.9611506956076873 0.34907919345203864 0.2736212236373275 0.5601282545622086 0.4444697802892299 0.6702034353166051 0.45737609326634876 0.6379808247201068 0.3763747122944601 0.45751667322366096 0.6482888939603938 0.4827236392150497 0.16823053238950872 0.30200540467069004 0.7146778084956282 0.5235218344681881 0.24857195278030075 0.470323307905381 0.38186290724052135 0.5806303013825123 0.6017697247476524 0.2409261549258153 0.44254307065301185 0.6655421749807251 0.357976821503213 0.7868463078194652 0.2567677508523612 0.7825595333229749 0.1957801587724957 0.5722078211662991 0.4215308442727869 0.8693998296841183 0.8166490419278402 0.7477101395937886 0.9329243046346705 0.6443530988397945 0.4636898045271818 0.08029007700552152 0.396082221477518 0.25358605905902665 0.22414702990270066 0.5122225099259752 0.2779695722714371 0.12292481920653342 0.2988656266796966 1.0730944417685837 0.8011852779493974 0.6952883315509714 0.685018742542691 0.6972509524030726 0.09479435890519963 0.5547719698426944 0.2687087366216542 0.6373975990984181 0.5569378781324168 0.8331244169439388 0.933511501298778 0.5625845940652123 0.10836268892149542 0.7046297371870502 0.8327293067557499 0.4282009991740114 0.8996791117606869 0.5955426567562326 0.42583071050581117 0.7298580797888693 0.5331245465339208 0.5327854835546533 0.5611067735089426 0.5087597258085106 0.9709435920964075 0.46701702839617054 0.5960626561717677 0.5847852224541499 0.31440888629040664 0.5674238497938037 0.599514217019649 0.84436335134405 0.8541592307822817 0.11679876627870917 0.4364607588299805 0.844429690938743 0.5370375255015227 0.7223667143736023 0.8127679690051216 0.2591933771022908
0.41859923634820884 0.3633395889289943 0.8236613570104313 0.0 0.6790156697420531 0.5825765635524832 0.947219131341706 0.5254150559803907 0.9769546101600295 0.23657673823777292 0.5726889792074944 0.5981484850337485 0.3703162967713825 0.2917151072151293 0.2915975547501742 0.5395874498975634 0.5563469889074365 0.2917280557258109 0.5180341604817507 0.4009363708715999 0.38946557594639336 0.7684916134083168 0.4913635206501261 0.3778528928744601 0.31752563003230677 0.5535029850491769 0.6590187162052378 0.559258453226053 0.643682198383103 0.4058875703733069 0.7487768431800954 0.4462361171555217 0.7817601677935679 0.24884479249650995 0.2316625527052925 0.5877351265942907 0.6132700383115145 0.5936729520059167 0.9047349643233769 0.30059854929242863 0.6905293937545242 0.4717087970921238 0.6719336913731483 0.5494273485716104 0.8977312702103138 0.3676917101080316 0.1704054385146396 0.5933424804949499 0.1600820771265955 0.1793525256753606 0.652425067580895 0.8207720688539263 0.5735730872077043 0.7189276251267464 0.6811661795869153 0.4874017828239078 0.8907541442820036 0.7622668093332454 0.5466716188541952 0.48270126652171846 0.4430372982104069 0.29899631704090507 0.43395007389176865 0.9261112232424834 0.8599439832002771 0.4817775161826873 0.5624592294722243 0.23591063332056922 0.30999858268882513 0.06854642249330975 0.5124111173386576 0.3476777074623815 0.7160610876706692 0.9313699239264669 0.3993019890451709 0.6482822023674816 0.31388340292745526 0.2432729469776324 0.5743318837879389 0.4335111629073326 0.6105293891375275 0.8390477944770516 0.6933893526098116 0.3360200314339935 0.37407845177018895 0.8721513419573934 0.34286989632986264 0.9629025283578667 0.5097961422501137 0.5317587515019845 0.814853887137776 0.16279130350820495 0.2992620216408391 0.8074415784667593 0.5713996813837592 0.4886673190209994 0.38631162488250964 0.4214553824290073 0.5940716945018369 0.598814647180526
0.27508825499237155 0.9277031396603037 0.3873605072092727 0.6790156697420531 0.0 0.6268061491440653 0.34054700116389347 0.8741867342502652 0.9807921806301819 0.8246162576497144 0.31137300510551436 0.12121600696903984 0.7499324667092703 0.8997924635200076 0.9149529055299406 0.17676425352523148 0.3676039000146594 0.3912792458210077 0.5832334017162504 0.3639502394279542 0.312819940131869 0.8829374658502951 0.22224860019259762 0.44897767023111573 0.39221423350879175 0.6462418123128515 0.35236440768240884 0.20449305259820094 0.8898418744206844 0.5880326678225465 0.5520230541478592 0.2329930778338484 0.6824564247211008 0.447815482633679 0.530047795631547 0.35821886387475277 0.64471620766751 0.8278252919508254 0.7128411701253289 0.5106776357179007 0.13250710725347412 0.8663720653538658 0.21450371180260344 0.7265555418621585 0.7618762440293826 0.8865565093438939 0.7532225122042465 0.8936426646403953 0.8286459168243274 0.5292016531289649 0.07872976718778431 0.32060529091149703 0.5727791592466234 0.536951004671357 0.4770968453218576 0.6334895069599135 0.6426595672267613 0.44659683511851983 0.4124550736576188 1.077329097395313 0.8680721007779483 0.4341043017258598 0.36202246665221305 0.9892937740784175 0.47931816466864896 0.23475343566458992 0.2677413975638255 0.4443125277687891 0.3699097984853407 0.6561665277800548 0.9981914929943154 0.3337690749835595 0.3258396924180688 0.9968338713561858 0.8728936479630812 0.048174084882441646 0.6203578665536735 0.5352054726449313 0.10558816138334455 0.4036138420578877 0.7243707163215279 0.8285566637314301 0.7886136798591159 0.3571290832981455 0.961128858405443 0.7890048970816427 0.6269843089038515 0.9140346138204574 0.3435321907352638 0.21770482084899784 0.8716191237748765 0.7723265740651409 0.5776190524424093 0.283679553796437 0.11045578291689444 0.5015712066712675 0.2951826844412203 0.40121354302299317 0.9443914017448007 0.42635212305763776
0.579736847759676 0.5336617657799042 0.4436615883801855 0.5825765635524832 0.6268061491440653 0.0 0.6649289923942101 0.32109083250349035 0.420139288515362 0.5135977959375327 0.3171172475960601 0.5072722797209968 0.3030352071458441 0.5686708907246588 0.596322838980515 0.4642746313584351 0.25982449177644296 0.462977841061263 0.06914258708643953 0.6778028442155533 0.41779590740493 0.2623160000792254 0.43765309052624507 0.26475450710748627 0.6019782849733287 0.04356872641432074 0.31449130962458016 0.4239778242060872 0.27734119568452104 0.17673518356793455 0.23003564145132668 0.512488492933726 0.20422371022712502 0.4294425742497053 0.3673106523579679 0.2749136581588469 0.031332388469931485 0.2232681361466634 0.33727871332122744 0.7156152167754716 0.5264259458288654 0.3507798778467103 0.4445288533455109 0.12895142206968496 0.31783515819448993 0.46775166915648964 0.49209723452078774 0.30428556253836003 0.6250463938155405 0.43669504477275756 0.6695499507196433 0.497124287259553 0.05488354435620451 0.2078980333735431 0.21964290464117825 0.10329357544411863 0.34908425894316514 0.3253416514412522 0.21446841382027063 0.663337749557567 0.3761041785786957 0.6356255542904059 0.7105214991927944 0.39543515434000504 0.4153025506027075 0.629212353112046 0.3590967576120991 0.5226592072699223 0.4820676950508953 0.626020901040551 0.5017454513329237 0.530104110351912 0.38174514449510444 0.40239909731746987 0.41999304813101973 0.6382270982468906 0.8041106256379282 0.35155795071087115 0.5807449969571321 0.7461333402240442 0.0988601212444638 0.2672979802871175 0.1658817716797495 0.4306783730433276 0.5775081741413387 0.2896766888080946 0.2467863264847531 0.3883244900712976 0.2873786055612532 0.6743759870390483 0.27163101557528896 0.5220840799722211 0.7653439187730773 0.5133907183467686 0.5882033213238049 0.8601659716538782 0.5349117509362712 0.7332707206423678 0.36911795659627467 0.21239799879139462
0.59267035516254 1.113401479125169 0.232040632000451 0.947219131341706 0.34054700116389347 0.6649289923942101 0.0 0.9755685727101374 0.8884954732215694 1.035634192914982 0.4054667955148612 0.360670024448475 0.8969936195580237 1.1091470287776601 1.1301257989393434 0.41189249148796614 0.4502684889619965 0.6594341292209166 0.6550513454572044 0.6964921627479503 0.5580854481063435 0.8698564310660793 0.4574471379523977 0.618686716586126 0.7062266128909821 0.701110568941053 0.35805290444724275 0.3879978566785746 0.9402494293034921 0.7161656284946172 0.4806090656326874 0.5254394680088895 0.6131727561822068 0.6986654249687396 0.7481631359623846 0.42034086383335095 0.6674701122776695 0.8881918149580367 0.5747748507422682 0.8365289020098515 0.26274217828604673 0.989689261899709 0.2789266970892238 0.7913005659436292 0.6431489939946388 1.0587108596604833 0.9753888686690583 0.9685876828567006 1.0776748248472607 0.7743116412609627 0.4150412723009879 0.167805930766049 0.6138965980891145 0.484679881719514 0.4491035727404164 0.721264056357563 0.4924349468912408 0.35414791399245044 0.48817653280919754 1.2618142258772702 1.004083616633584 0.7519689644767779 0.6990958337382804 0.9266058592880191 0.3064398884164754 0.5675288204994345 0.39629401663086256 0.7295057012072557 0.6469305039533135 0.94110412333436 1.138236208964546 0.6311154759977226 0.28661299736833734 0.9339040489784437 1.0284795202641748 0.38867790816416203 0.9492276523879074 0.7462929711007895 0.4275316288964022 0.7419398461223216 0.7583722754955307 0.7630682829694909 0.7915062391244112 0.6119518888012307 1.1532737633129708 0.6934736918970681 0.7812176295178469 0.8067308653475574 0.4708341602869487 0.5575367589426403 0.8312734858143466 1.0004260061239987 0.9048891234407942 0.15664270730292484 0.43629225085381923 0.8421160687565735 0.5964696657999888 0.7384694821120891 1.0317395357885728 0.46250247287087665
0.7352394563200032 0.2822166155401787 0.7616568642144 0.5254150559803907 0.8741867342502652 0.32109083250349035 0.9755685727101374 0.0 0.5289160047393658 0.33637783668167465 0.5916176098671256 0.7541128211640603 0.16239955175320567 0.3530745672654995 0.3806707117069801 0.6979192406874856 0.536863775492736 0.5782857592128334 0.32052509024274967 0.7973601954582475 0.5910463361419925 0.30912772930492877 0.6564074551475177 0.4293037354457307 0.7047422316590488 0.279731590030874 0.6179717436789073 0.6736453225653791 0.141508046804966 0.2862053554293748 0.5479418478690596 0.6960543589858138 0.4808708779411858 0.5188876401517185 0.4168978775528854 0.5621100508888106 0.3303412385308857 0.12964335038510647 0.6146922166680154 0.7724100669600056 0.8004893441742852 0.06318319394189516 0.7293120831733263 0.19305452192411449 0.56844878114726 0.2203147406968648 0.366271634633153 0.07477220271663311 0.4794405033042158 0.47263983706374263 0.8965120382370053 0.8088618577214212 0.3656269618045016 0.5279820062453066 0.5391050663411789 0.2551115100802651 0.6498168478281607 0.6457092354244984 0.49355000155893364 0.3732582529137686 0.1014010951042588 0.7199221496682771 0.8345285874947532 0.45548123091248227 0.7363185956252825 0.7992559792872976 0.6222585889804102 0.6011118482179867 0.6052171553220194 0.5902760249253888 0.18869029902289033 0.664038689538054 0.6890080568602647 0.45850749680652264 0.16299490633741756 0.8718898662483288 0.8248323620030058 0.4020229686066582 0.8013324484104056 0.8573682195704525 0.2509969526131066 0.44105138008298506 0.28539636981059974 0.5735843282978895 0.3212236324186566 0.5141188401855923 0.2623722611754842 0.550585268568727 0.5390436017602802 0.8526139623693697 0.3782779292192952 0.38808437694246056 0.7985633978639226 0.8203413784175092 0.8057880796749477 0.9520417948324867 0.6862029133964576 0.843483040178612 0.07609432148343888 0.5131664989074358
0.9905933287161858 0.8108566452480767 0.6639136806887479 0.9769546101600295 0.9807921806301819 0.420139288515362 0.8884954732215694 0.5289160047393658 0.0 0.8462800777503484 0.6799120384795757 0.8726225986329875 0.6290629315482981 0.8769876310308165 0.9052888700791939 0.8448982776875479 0.6315133675752377 0.8827517668699069 0.4888854489527286 1.0942130071673977 0.8302567862462439 0.22112807963555736 0.8304385123426907 0.6845413902347165 1.0213007708711073 0.43494101863641504 0.6288379421740012 0.7958985602944559 0.3887828760108601 0.5826698205388265 0.43302547962731336 0.9169012262583853 0.2984957361745545 0.8491219521061373 0.7800405619665511 0.6302651060502319 0.38988235708465424 0.40939008889146494 0.3171335284830396 1.1355432268874404 0.8574995969866468 0.5903595747150964 0.7701221166818848 0.4280336008260329 0.24594755026807136 0.7472831952387383 0.852360819136065 0.4583008719395423 0.9813738008597335 0.8499743431005236 1.0393180849673942 0.7422158882012442 0.45633210855713907 0.4445651660141134 0.5037085452027468 0.4961531336594697 0.3987387170522342 0.5550272905010181 0.5946067023113495 0.8912613173973485 0.6284952713398683 1.0556666188275237 1.125610138303661 0.08767552475090166 0.5820562944158364 1.0336309576638711 0.7270456184986008 0.9425729156072302 0.9010812525891287 1.028755580026154 0.6968269942810928 0.9469279872572476 0.6683449503162124 0.08966540606952832 0.689662230457162 1.004439248746811 1.221766468639821 0.7635598110173206 0.9612759776899984 1.1629096779348767 0.367317716614017 0.1577144315038875 0.28357114319598603 0.8485159237865197 0.8501257959337027 0.19744148614110416 0.6350632270447305 0.08605973233935246 0.6765538707933673 1.0737255398576158 0.16248023893802116 0.880000328292961 1.1840237665308437 0.7742780424071922 0.9703010835832088 1.2784222263025404 0.9482555706614633 1.1503599712993517 0.5098418822478593 0.5632596496900639
0.5987891202205008 0.12733520213796198 0.867517715790813 0.23657673823777292 0.8246162576497144 0.5135977959375327 1.035634192914982 0.33637783668167465 0.8462800777503484 0.0 0.632228583745675 0.7220737116689572 0.22092607083918933 0.07531449136778445 0.09451808644563273 0.6596967867663955 0.5958783133025819 0.442343102876939 0.46600807807106065 0.6122778743822798 0.5121771744222539 0.6261753683686354 0.609703350385562 0.4173336034801083 0.5203491059020238 0.473686067603121 0.7001529428847223 0.661300672027891 0.4730670199466022 0.35726758003724324 0.7258361941071512 0.5990626927972564 0.7159940262537219 0.38013902562970037 0.29620095768049964 0.6283896402495583 0.5393303872187888 0.4382622580343629 0.8507154388348134 0.5326970933684733 0.8008836220064082 0.27448037752386145 0.7581168277296284 0.43214010706770895 0.825049718105295 0.13765052906171166 0.07651636130545451 0.4107093752755805 0.14368526433308798 0.3007200589945557 0.8165841653116387 0.8862828972937594 0.5275277161330763 0.6979772104284844 0.678775387768118 0.41048974762039175 0.858595956693746 0.7780738915273083 0.5689142581780164 0.261257864155039 0.23857125669664067 0.5143564577367319 0.6481399276183412 0.7811329606618137 0.8787122838226484 0.6665532580650732 0.6397742172672896 0.4194185235057525 0.46826910560032026 0.30457175932524355 0.27947302056716694 0.5212743208455969 0.7682364010522043 0.7850838629538581 0.18228545208722663 0.8039623034075318 0.5496504428543151 0.29390622006008604 0.7271868659182341 0.6553860522284253 0.502325193193331 0.7307815265445512 0.5721674215283826 0.46839458740555145 0.14515605720246394 0.7846875552295307 0.27942170546715317 0.8514725636560871 0.5659059401845694 0.7205251420600721 0.6862030442170843 0.07385878004433355 0.5357743323857698 0.8829407215324742 0.7271844671588926 0.7217439449400983 0.5562316469181325 0.642394434476141 0.3924432816431966 0.6130369288545033
0.3445001762129378 0.7080082868076106 0.25109704589068216 0.5726889792074944 0.31137300510551436 0.3171172475960601 0.4054667955148612 0.5916176098671256 0.6799120384795757 0.632228583745675 0.0 0.19504351709046505 0.49520703170766617 0.7049655116065223 0.7267194355008387 0.1661649781507248 0.057567522124763695 0.3146630576522472 0.2805453874227695 0.4618538573609802 0.21604485007549065 0.5715656658968816 0.16304750259822828 0.2150769793842559 0.4197374164511443 0.340306058421959 0.0934932556468079 0.11598775183664528 0.5871765692833182 0.31602239545723004 0.2703160613425949 0.26101120140174267 0.3855784837559514 0.33010960855206417 0.3538023225959293 0.04972472166503402 0.3336799499681406 0.52718921542193 0.44673266980667514 0.5572316093654234 0.21173017447469353 0.596373561086674 0.13811066255344634 0.42539131861124163 0.4806154285685682 0.6540962392753615 0.5753691581325908 0.5992851074787763 0.6861928579436127 0.39346328246949464 0.3614823382221917 0.2550062667050801 0.2625421204188287 0.24766364200974914 0.18626562242534755 0.33889188714750684 0.394307562414901 0.21267652013250427 0.1033389795480401 0.8567282488755652 0.6065795901530596 0.4652178427312338 0.4849519432567052 0.681577162819611 0.2984829434158383 0.3699743117401678 0.04718133745833031 0.3924973109889089 0.3154976203006817 0.5825845774790375 0.7408968241617594 0.33274652456586906 0.1434106152948896 0.6890687308523663 0.6262148166473513 0.327797985046823 0.6670421668552641 0.349098131464136 0.28145243257151525 0.5280836467311302 0.41558714858744905 0.524326633760718 0.47736426822894956 0.2635464059201376 0.7478072260504924 0.49579394431427515 0.376794451620895 0.6199168663950415 0.0665097579676558 0.4019054253733556 0.5620125383854023 0.6018336115646686 0.6220167980333156 0.250927548565007 0.2906305074604326 0.6469890879658275 0.31558229509135427 0.5180256808098836 0.6560375551320491 0.11717977666333357
0.23631019596326952 0.81945437499563 0.3292377334966189 0.5981484850337485 0.12121600696903984 0.5072722797209968 0.360670024448475 0.7541128211640603 0.8726225986329875 0.7220737116689572 0.19504351709046505 0.0 0.6334390587804472 0.7973739004737468 0.8143651528994683 0.06240052770407746 0.24953176895019263 0.3064976645819388 0.46230254193013154 0.3485813048852172 0.21304854805834517 0.7652868154903971 0.11240027079795208 0.3318111466501879 0.3465731647705262 0.5256108559840843 0.25101817622486433 0.08357782705092658 0.7686981240553494 0.4682057885842491 0.451007294998815 0.16479013386003966 0.5758186885256027 0.3548496103360231 0.42587278306941423 0.24372780084721926 0.5261891467395221 0.7066250583541047 0.6200846427949454 0.4799833632710906 0.0980806210056849 0.7479488203238995 0.1341390189620144 0.6053995089741082 0.6630053081779242 0.775192483775161 0.653469210349346 0.7725738940932416 0.739710222079078 0.4351762793126399 0.16682787294794513 0.2812055536642872 0.45367198944305487 0.43268367065523533 0.37135990851371087 0.5122879256457818 0.5560532725689741 0.3593300566354364 0.2935289552972998 0.9697102395789792 0.7510106936440468 0.3929079864237401 0.35917416387453177 0.8764552942265473 0.4121346471623372 0.22688811448119003 0.1493830259834613 0.3718106549492092 0.29050851678252937 0.5852407769757544 0.8823297652496691 0.27052079851421595 0.24335374573430393 0.883957259375454 0.7585458755652069 0.1327574380157019 0.5935698648441773 0.4289698001788456 0.09886353454591026 0.40393420042984873 0.6043115559533543 0.7181266381132012 0.6702997468640508 0.26383415087629186 0.854606816155292 0.684621760125003 0.5102853677658298 0.8095420382566045 0.2225103190361304 0.23872902234043944 0.7570538297130325 0.6747745526731843 0.5485488850388958 0.25168243422577596 0.10943506418204639 0.5163010736702153 0.2359010672099979 0.3975626929729077 0.823805226637681 0.3119321044941244
0.5846641100334576 0.2323893719903615 0.7023742069919829 0.3703162967713825 0.7499324667092703 0.3030352071458441 0.8969936195580237 0.16239955175320567 0.6290629315482981 0.22092607083918933 0.49520703170766617 0.6334390587804472 0.0 0.2674344889736956 0.2956125619282332 0.5736159976964204 0.44683140868209037 0.4243098328466018 0.2675888589720874 0.6393428767053156 0.45058746619014467 0.4111639839028445 0.5279959698840017 0.3016308086927689 0.5458501892147869 0.2607525008115421 0.5426557852425901 0.5580001487891801 0.2736276026233983 0.1809220294674928 0.5269917562250164 0.5538654016994701 0.5007154227149748 0.3626539272064229 0.2592281980716893 0.47674209960564984 0.32576542137364023 0.22717320991766662 0.6368146962637027 0.6100460989631334 0.6930739122258486 0.1252266496927162 0.6320083434544623 0.2113155632167019 0.6069190408334365 0.16862239935259257 0.22472887731065666 0.22441681118190276 0.3523129685877148 0.3113432002768937 0.763012641915629 0.7359003138136413 0.32714662019328605 0.501251440599156 0.4934201487923266 0.20359492809313198 0.6520527486725238 0.5986573216838685 0.40964736746756747 0.3711675180915414 0.11860300344195684 0.5590336668751288 0.6766685984534755 0.5682676822518742 0.6970249427872129 0.6505379623786376 0.5168580385394359 0.44117404417049255 0.4517748760529685 0.4328320730528975 0.24906630415699058 0.5108675620619143 0.6142572831633487 0.5727824950219731 0.13149971702648847 0.7416520156338775 0.6636087951255252 0.24548517385570598 0.6678986192471449 0.6977607927378221 0.28171633479870645 0.509926885098503 0.3517557434295655 0.4257911620612447 0.2760376934995654 0.5645753235893047 0.12315517089187852 0.6310252700336526 0.4341982684038352 0.70480882233785 0.4676679008944133 0.2514190823937834 0.6365569439257478 0.7404294745849986 0.6711130302110451 0.7903891356174817 0.5360195728733148 0.6838841629205621 0.23718490473946957 0.443343132435488
0.6713553708909019 0.08748698763462841 0.9374572905683396 0.2917151072151293 0.8997924635200076 0.5686708907246588 1.1091470287776601 0.3530745672654995 0.8769876310308165 0.07531449136778445 0.7049655116065223 0.7973739004737468 0.2674344889736956 0.0 0.02858799483239889 0.7349934511105717 0.667123251137586 0.5163522496313072 0.5259904154532113 0.6798971592128148 0.5874402708833079 0.6558607934851967 0.6850086366576605 0.4904960170918449 0.589266369997462 0.5272080342548432 0.7707523885055797 0.7362530143103189 0.49409740514632805 0.42133627293418247 0.7869459874215813 0.6736607445590672 0.7680843206462015 0.4546415361115899 0.37150243449274667 0.6994725717921452 0.5925982004275105 0.46776621760315484 0.9040248233805654 0.5920038894885139 0.8758726092296765 0.28992890438757596 0.8321274556371472 0.4763686134289898 0.8740368159837884 0.13378202263941094 0.1485860780141279 0.42757751451535836 0.1619422711812883 0.3746638102283176 0.891030713033943 0.9583501910631969 0.5872534868845274 0.759768033495719 0.7438953273891146 0.4667677325262653 0.9166015374329028 0.8449883855364769 0.6385935501584783 0.1925100873941524 0.2516810933240558 0.5804580183529129 0.7151752742809684 0.8071270717201768 0.9453706950351278 0.738880020489847 0.713687920573279 0.4902870427836343 0.5419718377777024 0.35707545786411643 0.25364817389171207 0.5940916142465946 0.8395534719588196 0.8104889175794578 0.19019317307515743 0.878807700737768 0.5985713446249619 0.36904112137729705 0.8020435530315514 0.7200501117797855 0.5471053544445398 0.7707529197005272 0.6108677697394429 0.5433566845240688 0.08336907575918669 0.8301539942834281 0.3444425787467101 0.888824323318189 0.6388242861284869 0.7925405494345448 0.719956016024205 0.13694927969786985 0.5889826749492688 0.9558571046463588 0.8019182553030513 0.7803642995868992 0.629561828547064 0.7073553007047717 0.3976609669856032 0.681242251561214
0.6816353462629439 0.10893702245468527 0.9611506956076873 0.2915975547501742 0.9149529055299406 0.596322838980515 1.1301257989393434 0.3806707117069801 0.9052888700791939 0.09451808644563273 0.7267194355008387 0.8143651528994683 0.2956125619282332 0.02858799483239889 0.0 0.7520591087696292 0.6900010001872674 0.5289378796908314 0.5528143841712809 0.68538615366596 0.603325783797032 0.6841611812562003 0.7019667823740076 0.5118488951855117 0.5960205234252708 0.5550280964047547 0.7940484022104208 0.7549125081782747 0.5218677086635564 0.4471009676545299 0.8136499645645833 0.6871667944183492 0.7961432191953924 0.4682646961727218 0.38881362591452534 0.7224601370481527 0.6204796272594774 0.4961416226842981 0.93198799838666 0.5921137175783004 0.8943955278890523 0.31758831906318447 0.8525015876759877 0.5048482181248555 0.9023623985003248 0.16074970336470584 0.1617485523981854 0.4550384833662031 0.15067523195921406 0.38751967405515975 0.904038374781972 0.9806711314036439 0.6141648658319934 0.7863101177719232 0.7695313139020307 0.4941852281772573 0.9439324951284189 0.8700326659459156 0.6623699513349393 0.19151955586053937 0.27927654280127717 0.5850143678234216 0.7201391977638845 0.8351253301942931 0.9705297109909615 0.7487800414720162 0.7341993780042227 0.4990866178245583 0.554017171013057 0.3548717595874994 0.2740066075731276 0.6048085469642741 0.8624061103909952 0.8384385418442521 0.21768284018324854 0.8927865243167712 0.5932328761721215 0.3873397039020996 0.816099297648068 0.7232575406088816 0.5755840570565728 0.7993408514712657 0.639454364298296 0.5579616849183117 0.09408236534001543 0.8586508569936737 0.3698315215206582 0.9173811376566507 0.6604117614490821 0.802012237920496 0.748428915764843 0.14535773349932796 0.5857811839091636 0.9774528387010203 0.815645173370539 0.7796211511169499 0.6409131989370094 0.710795969478147 0.4237088846063356 0.7057246360415239
0.20356728859988296 0.7572721080738378 0.34907919345203864 0.5395874498975634 0.17676425352523148 0.4642746313584351 0.41189249148796614 0.6979192406874856 0.8448982776875479 0.6596967867663955 0.1661649781507248 0.06240052770407746 0.5736159976964204 0.7349934511105717 0.7520591087696292 0.0 0.21396232815928815 0.2487973576690436 0.41462687734943743 0.32127450869338114 0.15193065040979337 0.7251750781382321 0.05015763949224223 0.27232335061436 0.3045371360843877 0.4790674534528511 0.24077394030171187 0.05322406618266202 0.7186952734520888 0.41171437960660257 0.4345000810315545 0.12243690865306309 0.5516687627233344 0.2942796014573356 0.363497067121809 0.2157701088152448 0.48543919470049324 0.6559535866981396 0.6088258216029425 0.4415980287290891 0.1511612996673316 0.6896106684332579 0.15655321201090416 0.5555575898391236 0.6458938016863355 0.71349058368285 0.5912658272813259 0.7193057637513761 0.6789758634734392 0.37404679340915864 0.20581860464632196 0.3132629760156858 0.41212400424155277 0.4131008175563494 0.3514494713100723 0.4606976996443461 0.5506438452469538 0.3576878333174981 0.25458475556740645 0.9074885269238853 0.6915771335656833 0.35161814149889675 0.33772687537202084 0.8431782823972427 0.42355310292125575 0.21201232921806157 0.1192291201609371 0.31761363871600595 0.2350949410396694 0.5296879308407387 0.8222098478835301 0.22290117896578127 0.25128477314397 0.8506061482069909 0.6977180752145945 0.17649993002713427 0.5552390718170269 0.36657516646269345 0.11742197398519227 0.3823839064397287 0.5594035180071041 0.6885356076972609 0.6292671698539009 0.2039386549406139 0.792287395973045 0.661952647075977 0.4505506354755947 0.7859879792298602 0.17690229328095622 0.2377824763963108 0.7218784117449807 0.6127714025338241 0.5097916866327868 0.2887449966602693 0.12583321721021035 0.4989715385454349 0.1920946890652042 0.37424381110092214 0.7686975961709952 0.2816943684554668
0.37438426901058053 0.6649522508881138 0.2736212236373275 0.5563469889074365 0.3676039000146594 0.25982449177644296 0.4502684889619965 0.536863775492736 0.6315133675752377 0.5958783133025819 0.057567522124763695 0.24953176895019263 0.44683140868209037 0.667123251137586 0.6900010001872674 0.21396232815928815 0.0 0.3190718023692771 0.22340419468711173 0.4887380506914849 0.22972930718226997 0.5158047968988289 0.2006110096476891 0.18409141240634 0.4369630546303655 0.2827583186751603 0.10540670205401034 0.16770621721262366 0.5297163581255633 0.2662069625939041 0.23771433434232017 0.2936743552669003 0.34136965108201955 0.323128692719506 0.32981367354358315 0.03271323034753874 0.2771161668302337 0.4699239289758706 0.41545701787090894 0.5715420175891425 0.26903895631067354 0.5439280780807397 0.19268425610555534 0.3681733022052013 0.44251157891644505 0.6088865556319166 0.5432356398410058 0.5426735077546951 0.6596546028915201 0.3775818415530266 0.4147900464402806 0.2921068715030754 0.2054083701556848 0.2117573947995569 0.1534784593793832 0.28300287289911213 0.3713663898520679 0.2082970679848424 0.04577425392647323 0.8123828466388359 0.5557572470130825 0.48058087368197955 0.514733014682392 0.6294497636805965 0.30384636029934875 0.40752200223941265 0.10018838566068843 0.39590772521613954 0.3248455267403715 0.5728463797007296 0.6901509982661406 0.35135264964061097 0.17243224399757454 0.6368969732235608 0.5782823896598733 0.38191538620565 0.678196768091535 0.32269807679697343 0.33114834203155374 0.5564946752658273 0.3581575686232699 0.4747799509845215 0.4210825143039406 0.2699968140913654 0.7057008252390439 0.4521536893100413 0.33159320573456685 0.5749160052306534 0.0558022546520254 0.44385771745309516 0.5087143598826018 0.57080580418641 0.6339279485797884 0.2938593278810569 0.3397704607838582 0.6754813823274161 0.3399329174603361 0.5455847928317246 0.6001805203168274 0.07050391780044395
0.16254166747006868 0.555790590776622 0.5601282545622086 0.2917280557258109 0.3912792458210077 0.462977841061263 0.6594341292209166 0.5782857592128334 0.8827517668699069 0.442343102876939 0.3146630576522472 0.3064976645819388 0.4243098328466018 0.5163522496313072 0.5289378796908314 0.2487973576690436 0.3190718023692771 0.0 0.3950495006266602 0.22379544991341407 0.1039887911898198 0.7110559168021455 0.2019871442870952 0.19824452743046214 0.13956042116214284 0.45456672178673124 0.4077800097581226 0.2738094421461074 0.6458139450072069 0.32401570802274515 0.5490125379456141 0.15927288653862676 0.6252520681829784 0.06441351814529975 0.16677535530970003 0.34474928092867335 0.4929049434570169 0.5832234738979117 0.7234943250256758 0.25879757790156493 0.3999582757672388 0.5495182007582261 0.38969932761579135 0.4987476453499987 0.7377502219424705 0.5257064102186247 0.36790411801378325 0.6226566862521813 0.43747980079604365 0.14168991185454918 0.3751252146989247 0.5443023668882147 0.4283532408908113 0.5204713232606848 0.4681515632041487 0.40517907837126255 0.6878784121353012 0.5240860191056929 0.32913781170198153 0.7016121801949713 0.5389784804922749 0.1733993976314421 0.2598865731286495 0.8560417561071532 0.6131244255800281 0.2302272773042837 0.29144805423461406 0.0778344670059689 0.027723035589139057 0.28182423361352743 0.6554040162905795 0.0866473286342251 0.45213153887983115 0.8627395506440749 0.5260435165441985 0.36514018577701424 0.3605883759991461 0.1791383307455487 0.2889629518210358 0.2892623456119725 0.5336432114421923 0.7277198081172015 0.618021255860681 0.05139526751776896 0.584428391421606 0.731759656633038 0.31725425579487704 0.8443975088557257 0.26403016358278725 0.2850704592920526 0.7329834050383245 0.38432373297095035 0.3172225452213588 0.5264086815575852 0.287680557372344 0.39886647576713335 0.11590459820195011 0.27573211385752744 0.654294517529991 0.3803870558465565
0.5165120169157245 0.49985184917983766 0.4444697802892299 0.5180341604817507 0.5832334017162504 0.06914258708643953 0.6550513454572044 0.32052509024274967 0.4888854489527286 0.46600807807106065 0.2805453874227695 0.46230254193013154 0.2675888589720874 0.5259904154532113 0.5528143841712809 0.41462687734943743 0.22340419468711173 0.3950495006266602 0.0 0.6117633523239183 0.3547144510255646 0.3221845334795202 0.38358799657661447 0.19714277871068103 0.5343423001699699 0.06523784617960458 0.2975489365128785 0.37878099612448024 0.3073181530617501 0.11479332295673529 0.261021133293725 0.4524784237596271 0.2640867328259022 0.36040208450795463 0.299248632319635 0.24503733836493372 0.10027186895085873 0.24668583670341804 0.39184839233765784 0.6466914802028788 0.49227539693085837 0.338091950763991 0.41513396193725133 0.14486110783193906 0.37978266500884916 0.4360255533890481 0.43746581225849446 0.31985006849877834 0.5693808771425074 0.3683291949870017 0.6204108639156927 0.4885349390552793 0.061520221028871426 0.23431705869817823 0.22748436555961055 0.06782138652846419 0.3928424384841844 0.33405753042232933 0.1780554387143465 0.6369478888862927 0.3575247708326672 0.5672794881725559 0.6450497921664194 0.46153642396470884 0.4307508408984151 0.5684092134041104 0.31798084041066843 0.4537206708573016 0.414792425220525 0.5594272271481341 0.4891146458695248 0.4641324436836988 0.36848323708609515 0.46835154521647526 0.39348718972646013 0.5906255734084124 0.7349811120594024 0.28374583384406166 0.5291437820951083 0.6798241989340449 0.14735007993539828 0.3364405590536519 0.22645919636218592 0.3643518701267531 0.54336850383509 0.3561061915097506 0.19027500146001944 0.45726647839176143 0.2398019183153326 0.6152259701340684 0.33811872216208794 0.46753197719623063 0.6962066680785652 0.49989912725679014 0.5359555837849236 0.7930202177214911 0.4707238805875359 0.6668229993608717 0.3792926197678327 0.19266791409770379
0.11867568266781144 0.7362675720492965 0.6702034353166051 0.4009363708715999 0.3639502394279542 0.6778028442155533 0.6964921627479503 0.7973601954582475 1.0942130071673977 0.6122778743822798 0.4618538573609802 0.3485813048852172 0.6393428767053156 0.6798971592128148 0.68538615366596 0.32127450869338114 0.4887380506914849 0.22379544991341407 0.6117633523239183 0.0 0.2655347949599133 0.9315625328661118 0.3017051450941848 0.41537809334275994 0.09451980407773633 0.6736010196083488 0.5507810720795763 0.37076390961026223 0.8694875181290149 0.5475522789041809 0.7263629876668178 0.2029253985976557 0.8219883745138176 0.2788271533583846 0.38060876106039143 0.5052303812514636 0.7064965253991788 0.8069909407387275 0.9041430158882758 0.15052712385712724 0.4424533863746551 0.7640495450801098 0.4758369631720106 0.7219600788743767 0.9290760639046997 0.718480304718508 0.5359643463026329 0.8447981714938001 0.5608713019629807 0.3321036473855126 0.3059960891399893 0.6291792630077531 0.6379240809489384 0.7004174035310803 0.6418430354201281 0.6274082174693759 0.8559328868767334 0.6710330338018756 0.5131710266807553 0.8721040093877915 0.7495684443850942 0.10209276465957204 0.037383981910363254 1.0730659395640563 0.7437168068079151 0.12955462390263836 0.42218751032144947 0.2004450614113563 0.19972186207681672 0.3527812903821658 0.8566263229048732 0.1477010593338697 0.571621029000054 1.0799515372217132 0.728549873632766 0.3190719298392244 0.25667010423725506 0.395337662619042 0.2689610805592752 0.06880938136089443 0.7540902050851693 0.9372933935339957 0.8372840455842251 0.24742261211965755 0.7573232121207152 0.9316316675762756 0.5389187178954021 1.0494747552589314 0.4344716560317276 0.15649010252090195 0.9493693057059174 0.5430127296382872 0.21492701642082282 0.600262353891015 0.2602989668871201 0.1869826494047683 0.1491198760547172 0.05697515389599427 0.8734445964183334 0.5580522165625024
