# Number of nodes
50

# Nodes to be delivered (count = 5)
18, 7, 22, 9, 21

# Warehouses (count = 10)
40, 48, 33, 29, 37, 44, 30, 32, 41, 43

# Distance matrix A (size = (50, 50))
0.0 0.5028475356792511 0.8553459571254793 0.8532847785513241 0.4682503881552735 0.6828127873452771 0.8629621051080231 0.8646560913883351 0.9493481728844183 0.6412402560035119 0.7273689682599982 0.4298204526179367 1.2678006664335233 0.6395366799103009 0.7625053887326044 0.7479907310919021 0.8662374576635263 0.4594860930345326 0.5636256165244554 0.6017245304463222 0.13685559655300067 0.34218897241077706 0.741280444570488 0.2953948432071537 0.8451720992028806 0.7522073360826166 0.8220036222140812 0.0992648918198374 0.0608808071288476 0.300181139260198 0.37010117703601264 0.067875288706344 0.24694779113714938 0.9935648064528346 0.9272918426433796 0.204638315275272 0.8414325989272307 0.642711892731608 0.6238379910468398 0.012050529246768589 0.7576972200080905 0.34649347922264 0.15027904325428743 0.5704877351444448 0.7190468823183764 0.9356025702633859 0.5426382201383874 0.20242209026895547 0.8823361179736422 0.14592074155971974
0.5028475356792511 0.0 0.3738665573111024 0.35061934624402485 0.22072651857506106 0.4938998819875477 0.4088753522297605 0.6369859321295017 0.6080985360321831 0.16812805358304853 0.3998863872619981 0.1443004093222008 0.7659766035118118 0.27345998587937437 0.5843643030020824 0.4793193161133958 0.4512458387532785 0.16188306634325675 0.4536633509111005 0.3460332856850916 0.4389365789938379 0.19108103747069646 0.5346505064849829 0.337668125345118 0.5180399306837479 0.4655197796839859 0.3202019292182571 0.503128493508556 0.4466178012570086 0.3246555800887229 0.26198690114545525 0.5601695761274276 0.36456577910923343 0.5238896664890508 0.5757757504464949 0.3182476714484944 0.3396716324651006 0.4781450657620727 0.19559021236746896 0.5142536696332476 0.3932989012299233 0.16075492851523707 0.3547068330972637 0.3687462546057228 0.2355903649565936 0.6153344569652375 0.22117978516224615 0.32129286688918324 0.3849191127542022 0.46434721844352217
0.8553459571254793 0.3738665573111024 0.0 0.17696483263603363 0.42114205541141553 0.7507809954645204 0.4129134777942995 0.5308366611684905 0.3842881641637861 0.21472052453037227 0.5878465703802893 0.42816187053569255 0.43765487778567014 0.2747885391450046 0.5485649071658298 0.6863378683674222 0.5075773879917387 0.5090302677264417 0.5481956271278262 0.3932906383549766 0.7630554881807837 0.5649390383974877 0.7689732750589534 0.6158237678371694 0.6590588423367926 0.662831253956426 0.1956888913768931 0.8703150162488289 0.804406915054802 0.6041513372406981 0.5211510302692931 0.9179932782586836 0.7383185992891099 0.4344061119928026 0.6711609618075434 0.6540488569714464 0.19686140244458403 0.5110191551385318 0.4088389167125476 0.8658089233660464 0.5460864615042801 0.5310165649211868 0.7149437060695341 0.6601249517993071 0.13894843123530254 0.4147240063535395 0.3494140839613112 0.6566769473207446 0.2499476465950182 0.7822131487060379
0.8532847785513241 0.35061934624402485 0.17696483263603363 0.0 0.48480393803274857 0.6112687367055233 0.237792730835875 0.6965880509354389 0.5608465796595912 0.25249173241214623 0.4365244651163003 0.4572398937846981 0.42030141429483125 0.38563709401710505 0.7004394686407067 0.5340303684798311 0.3342107097704435 0.4383334221390339 0.6630742286159946 0.5100828332748459 0.7850002006485527 0.5262784787049921 0.6209134383672605 0.6613549471616006 0.4925608420483339 0.5090956084190582 0.03672462663884975 0.847821601182961 0.7964196827993786 0.6485320580014403 0.5706321158881107 0.9094730013960908 0.6907401998209028 0.2636439783084697 0.49761283704833204 0.6661893038679914 0.023895821041155247 0.6427589669443035 0.2964504580775829 0.864750068256419 0.38868891753815593 0.5083121750223225 0.7044125114540757 0.5407052046893905 0.19065889055069637 0.5901965013673925 0.42832344109442877 0.6691625511082644 0.07484474955181977 0.8087158233248797
0.4682503881552735 0.22072651857506106 0.42114205541141553 0.48480393803274857 0.0 0.6998483023414839 0.6096049239002088 0.4586344427533072 0.4918601606411519 0.2326275733668107 0.6200806807121915 0.09119638264295386 0.8571171386378286 0.17219994250657933 0.38546013838632476 0.6964031661036466 0.6641903685490116 0.3523957229904483 0.2338632969613957 0.15794037889488388 0.35488941211363123 0.30315381924284784 0.7453044322450172 0.19663784022552416 0.7387664458086587 0.6840119245634345 0.4657672056050136 0.511476262483218 0.42916034706432404 0.18583198611815888 0.10319899397488749 0.5354843835132701 0.44510260190210504 0.7091295866233412 0.7954303450320114 0.26560240734900736 0.4835269947861979 0.2686507127074334 0.4152716462488495 0.47684690188262474 0.6138133817457903 0.2478716534654856 0.35393348984540696 0.568623445731447 0.30404200718288166 0.4849641125128877 0.07628483049294484 0.26740404693340347 0.5415528348579339 0.3697136582033244
0.6828127873452771 0.4938998819875477 0.7507809954645204 0.6112687367055233 0.6998483023414839 0.0 0.42819233372861865 1.130042802031485 1.0790101963262608 0.6212732686754352 0.18292207234868751 0.6097633808502686 0.9690201195920864 0.7623483815421628 1.0773300104083796 0.10865430785942372 0.355408518496354 0.3478390146190854 0.9309212892894543 0.8390759095258893 0.7220504122636522 0.43192822620614246 0.058474236417314945 0.72799743188258 0.2227016244200686 0.13151937525362148 0.5772626544561689 0.6080107035564227 0.6281849453307281 0.718162410432009 0.6969992602859629 0.6971091246140628 0.43638746042799065 0.5422959930405471 0.30462108757166995 0.6286466474964172 0.5875634667865445 0.9669797951842043 0.3477820590053157 0.6935550218071311 0.2387053921604593 0.47921783717341704 0.5721256130518895 0.1336849080685927 0.6496655579716898 1.0931129813390688 0.7143980773130177 0.6310551357287967 0.5752087250832708 0.7513071309003234
0.8629621051080231 0.4088753522297605 0.4129134777942995 0.237792730835875 0.6096049239002088 0.42819233372861865 0.0 0.9123250300781462 0.7935620005339695 0.4072519904772681 0.24560118250169405 0.5498374561899301 0.5408668052257504 0.5663975666128916 0.9000782223147556 0.33181945962435483 0.09783521752591519 0.40394458646544934 0.8246380865557876 0.6835537156237722 0.8307306698547215 0.5213467492901651 0.42172348750360983 0.74624011434003 0.26480379243631974 0.30572875194703686 0.21790583463816957 0.8302147536229512 0.8022629620956574 0.7332715209760285 0.6694239585285696 0.9069502600392297 0.6509259685491702 0.13450557927056256 0.26015331666685915 0.7099129097206421 0.21633039507694066 0.8229367214382416 0.23956381988058956 0.8750043565804064 0.1894988248298285 0.5285096618300769 0.7148176532744459 0.4018841992844857 0.38041107796193485 0.820406186873453 0.5759640832743954 0.7130175402093096 0.17380024478823305 0.8585111793433449
0.8646560913883351 0.6369859321295017 0.5308366611684905 0.6965880509354389 0.4586344427533072 1.130042802031485 0.9123250300781462 0.0 0.2086839685477118 0.5249657807370136 1.0139683875665952 0.5462299413605979 0.8820712498583193 0.36966753330444796 0.11155975562320906 1.1040542452046451 0.9957078101384859 0.7934226359413604 0.30339581037926905 0.30163339655113086 0.7294464404086399 0.7611884192841077 1.167941705036182 0.5720559310273341 1.1167555236470899 1.0864045219469394 0.7025649794771514 0.9332120674473726 0.8437606268096284 0.5697972924875828 0.5205086729258528 0.9310494456446444 0.8995852361148978 0.9601317554635782 1.1522565788741779 0.6884064673003577 0.7110621050389606 0.2220707360808375 0.8004077338783363 0.8696480793106134 0.9905365823076853 0.7061183124651332 0.7880400880261065 1.0056102570477066 0.5326747636001382 0.16722027083450863 0.420795056975866 0.6890152691853335 0.7713674116733185 0.7288828492729811
0.9493481728844183 0.6080985360321831 0.3842881641637861 0.5608465796595912 0.4918601606411519 1.0790101963262608 0.7935620005339695 0.2086839685477118 0.0 0.45834908817673053 0.9381116876182293 0.5622718626727183 0.6822673404331906 0.34194773176117294 0.293051483997085 1.0341463632111778 0.8852950276051357 0.769865641188155 0.43146050259229757 0.3476495260996069 0.822314866018467 0.7699845383147927 1.1083367937501372 0.6560536745047172 1.0259984739135144 1.0132566109348675 0.5758708664259645 1.0016212395424176 0.916636762698198 0.6499109982263241 0.5810421872994255 1.0172221431713389 0.9299337747397733 0.8171398801921832 1.0477621109793154 0.75332906345963 0.5796302691578458 0.3517012443347799 0.7331958109104001 0.9565135841798635 0.9049341514950215 0.7187268407052578 0.8454276351265114 0.9664482052672703 0.43532929676917875 0.04220753710693757 0.4282612908661914 0.7547450619323504 0.6342351257757988 0.8287979069726179
0.6412402560035119 0.16812805358304853 0.21472052453037227 0.25249173241214623 0.2326275733668107 0.6212732686754352 0.4072519904772681 0.5249657807370136 0.45834908817673053 0.0 0.4904195257674028 0.21785891594220955 0.6356315935412794 0.16123012482581253 0.4975421742616268 0.5830140966301625 0.4797706806520716 0.3217987108131589 0.4214716546740976 0.2764033671378264 0.5537244012955123 0.35676126161317046 0.6528346967407708 0.415972194705877 0.5919008575712634 0.5640067851841583 0.23562163132013686 0.6559265144505427 0.5897802709811921 0.4035305854160684 0.3227688682831699 0.703454718503843 0.5301448236202525 0.4892787131850116 0.6306657248454937 0.441426069330512 0.2525838005742108 0.4156847518778408 0.27880224641717277 0.6518373520080526 0.4655708071995198 0.3186952394340461 0.5002245748279514 0.508529505012632 0.0782689644946387 0.47188246699101943 0.17769071701665162 0.4441431416144284 0.3124974999746262 0.5745847332155253
0.7273689682599982 0.3998863872619981 0.5878465703802893 0.4365244651163003 0.6200806807121915 0.18292207234868751 0.24560118250169405 1.0139683875665952 0.9381116876182293 0.4904195257674028 0.0 0.537108611400674 0.7862397707855919 0.6449522138140701 0.9755224496336197 0.09851349341878089 0.18082879071047592 0.29850661729096406 0.8535038033404109 0.7395066647743709 0.7325071946720512 0.41378478722353057 0.18447945302451008 0.696373158338247 0.12450897387631708 0.07545635545302222 0.4043135595906885 0.6719375092343405 0.6676172619987781 0.6846818411197058 0.643552526605027 0.7573631525367419 0.48784772404535226 0.3644875763999015 0.20085490983169219 0.6216627728145431 0.4126332734187365 0.8755614624869048 0.21401801379419938 0.7391288655812257 0.056372553168263284 0.4455523878762539 0.592774488774114 0.17971523510852272 0.5028452771117514 0.9567888551494576 0.6162439718575122 0.6245357136037091 0.3949586046317917 0.7621120074057691
0.4298204526179367 0.1443004093222008 0.42816187053569255 0.4572398937846981 0.09119638264295386 0.6097633808502686 0.5498374561899301 0.5462299413605979 0.5622718626727183 0.21785891594220955 0.537108611400674 0.0 0.8533613179444638 0.2243646436498948 0.47622830576577246 0.6099222842631226 0.5954364855980071 0.261979893381324 0.3216209088270919 0.24460321965903878 0.33595106203313185 0.2152869889307308 0.6561093204734677 0.2048649103257102 0.6579325899587982 0.5986289023900923 0.4326871172880537 0.4574335997252972 0.3826389736034247 0.19189777918813564 0.11983401922754593 0.49448839350171186 0.3676901552757061 0.6591406346908795 0.7185305359145995 0.2264192653376919 0.45161751008245404 0.35983257232122 0.3391035500650345 0.439813082181307 0.5349330588227621 0.16072324766093016 0.29808629228325484 0.47802856930222737 0.29592741074128853 0.559790199639572 0.13431591087192982 0.22895617884584893 0.5047892564142923 0.3567686546066922
1.2678006664335233 0.7659766035118118 0.43765487778567014 0.42030141429483125 0.8571171386378286 0.9690201195920864 0.5408668052257504 0.8820712498583193 0.6822673404331906 0.6356315935412794 0.7862397707855919 0.8533613179444638 0.0 0.7107328841495175 0.9350952972875491 0.8713232033279908 0.6224039671768414 0.857057724444025 0.9758879664309053 0.8239955056596492 1.1887920515142345 0.9462607198318158 0.9609187569198403 1.0493614891031193 0.7889255468736223 0.8453139232668845 0.4551198239183809 1.2670785299097422 1.212442005551179 1.0372713845376473 0.9549767065373198 1.3261161633144811 1.110833342216599 0.4417998245890472 0.7507568772968601 1.0739100413246876 0.43666863010904905 0.9272042519082518 0.7052725784768471 1.2789908016275835 0.7303166100249978 0.9259016360768286 1.1206231556775763 0.9298177460310612 0.5580405412903598 0.7239281262603066 0.7867486776979564 1.0767525598756882 0.41532878571947146 1.2101273635500638
0.6395366799103009 0.27345998587937437 0.2747885391450046 0.38563709401710505 0.17219994250657933 0.7623483815421628 0.5663975666128916 0.36966753330444796 0.34194773176117294 0.16123012482581253 0.6449522138140701 0.2243646436498948 0.7107328841495175 0.0 0.3363396651057349 0.7344126117614647 0.6408974310915752 0.4344832279741767 0.27905089369777664 0.12456391050102188 0.5268224272256564 0.42807172794367676 0.7988478180375979 0.36562967590048956 0.7506275960820691 0.7169442272876535 0.3782064469472318 0.6777684797234692 0.5982638442376962 0.3557500751141596 0.27459844658066956 0.7064248000413385 0.5901904738621029 0.6394008776934798 0.7915474910924611 0.43568859632228074 0.39220904388658884 0.2591340316668405 0.43108766327471354 0.648380786939724 0.6237213994899791 0.37727023970479284 0.5186257283771583 0.6409074980726488 0.1959876610946561 0.3445578212579407 0.09690090015114138 0.4376798564167215 0.4546835894139202 0.5407810600126192
0.7625053887326044 0.5843643030020824 0.5485649071658298 0.7004394686407067 0.38546013838632476 1.0773300104083796 0.9000782223147556 0.11155975562320906 0.293051483997085 0.4975421742616268 0.9755224496336197 0.47622830576577246 0.9350952972875491 0.3363396651057349 0.0 1.0611701655616417 0.9769215107417769 0.7333819859139182 0.19888099424728217 0.23835988755119525 0.6262840479519269 0.6874020193474134 1.1190142934732816 0.47377468841321446 1.0848841661368738 1.045449727966465 0.7005846093374838 0.835100641014408 0.7451023218081437 0.47286403502385355 0.43230331069215466 0.8280762266119949 0.8147094064891268 0.962529746724405 1.1277327996283213 0.5942989163043555 0.7117333646405368 0.12389741751069598 0.7618105292493206 0.7668956757159854 0.9577248632266995 0.6320342224578595 0.6949662884342366 0.9488721491548942 0.5214734685199155 0.2560110431055208 0.3632057452990285 0.5946210989371437 0.7738838501750239 0.6239552899162595
0.7479907310919021 0.4793193161133958 0.6863378683674222 0.5340303684798311 0.6964031661036466 0.10865430785942372 0.33181945962435483 1.1040542452046451 1.0341463632111778 0.5830140966301625 0.09851349341878089 0.6099222842631226 0.8713232033279908 0.7344126117614647 1.0611701655616417 0.0 0.25156864162620984 0.3564491453219111 0.9302208968174096 0.8236565983535552 0.7703310468199851 0.46078649732465893 0.08991435384260205 0.7534047620276824 0.11582333506040934 0.02609135469139894 0.5022903572627072 0.6817693483273878 0.6903711674874228 0.7424362719288571 0.7095230803575922 0.7698717826636211 0.501937957039617 0.43852823873808505 0.20026452079391918 0.6667749702314799 0.5101357908063052 0.9574279000088195 0.30436019131922515 0.7593114436877467 0.14667501924724094 0.5003908729882138 0.6242064673772907 0.17753947298013842 0.5992705160509902 1.0519122006750992 0.6992739396105789 0.6694608208949309 0.4897362284782468 0.7999934598504941
0.8662374576635263 0.4512458387532785 0.5075773879917387 0.3342107097704435 0.6641903685490116 0.355408518496354 0.09783521752591519 0.9957078101384859 0.8852950276051357 0.4797706806520716 0.18082879071047592 0.5954364855980071 0.6224039671768414 0.6408974310915752 0.9769215107417769 0.25156864162620984 0.0 0.41004717274127206 0.8877367813247172 0.7532129513408966 0.8493636151753508 0.5310604464913903 0.3400096963352815 0.7822474592020049 0.16999060378857922 0.22606115240501903 0.3118954360929736 0.8228848287344457 0.8054055662907612 0.7695679730209236 0.7128101441134493 0.9042501179349686 0.6394851761490077 0.1870906850152429 0.16361787998355154 0.7310214143100254 0.3120864540321712 0.893008941341784 0.2613273525210626 0.8782538330092521 0.12725630830887066 0.548044871091678 0.7223527451844467 0.35577265368091027 0.4632442177244271 0.9107462613358119 0.6393878085333577 0.7340802380300089 0.27163159116978375 0.8781438393628013
0.4594860930345326 0.16188306634325675 0.5090302677264417 0.4383334221390339 0.3523957229904483 0.3478390146190854 0.40394458646544934 0.7934226359413604 0.769865641188155 0.3217987108131589 0.29850661729096406 0.261979893381324 0.857057724444025 0.4344832279741767 0.7333819859139182 0.3564491453219111 0.41004717274127206 0.0 0.5831170194474598 0.4962855228472745 0.44105425130414777 0.1210935345369854 0.3952554981555974 0.3988026537674506 0.4230155791971342 0.348998024573842 0.40253879572308976 0.4285129984047385 0.39867199857814495 0.3874097859953444 0.3536696542328799 0.5032033155264073 0.25634192367494774 0.5359158622785878 0.49570443400903025 0.3257095685070944 0.4205903123508481 0.6203996065599123 0.1665747835918858 0.4715363791631414 0.3135367184611759 0.14704577938307492 0.3129671810443678 0.2162535207323206 0.3775879484521415 0.7771761871034966 0.3730768387659292 0.32867470794804543 0.44721100129482816 0.4702390093151198
0.5636256165244554 0.4536633509111005 0.5481956271278262 0.6630742286159946 0.2338632969613957 0.9309212892894543 0.8246380865557876 0.30339581037926905 0.43146050259229757 0.4214716546740976 0.8535038033404109 0.3216209088270919 0.9758879664309053 0.27905089369777664 0.19888099424728217 0.9302208968174096 0.8877367813247172 0.5831170194474598 0.0 0.15541760428045798 0.42747394630859437 0.5170627473103137 0.9777195638200972 0.2766294099035808 0.9711842100370571 0.9178656979679308 0.6528126405345627 0.6370930558208923 0.546971427901614 0.2767936563896261 0.24824443177187178 0.6292775636526249 0.6278101900687871 0.9105631021223715 1.0252549028136277 0.39972041256561475 0.667991976962173 0.08342356842413308 0.6463086891621952 0.5680566910185654 0.8454332646554096 0.46276998574356637 0.5006491087172162 0.7985188852967613 0.47244160154321374 0.40548449220184934 0.24886517787302948 0.39978473651207147 0.7299177343718066 0.42577669437291055
0.6017245304463222 0.3460332856850916 0.3932906383549766 0.5100828332748459 0.15794037889488388 0.8390759095258893 0.6835537156237722 0.30163339655113086 0.3476495260996069 0.2764033671378264 0.7395066647743709 0.24460321965903878 0.8239955056596492 0.12456391050102188 0.23835988755119525 0.8236565983535552 0.7532129513408966 0.4962855228472745 0.15541760428045798 0.0 0.4753560553262212 0.4596038824086933 0.8806729233141143 0.30885273374126065 0.8514425757428123 0.8084520593308819 0.501795377163772 0.6564330836291195 0.5701601831504951 0.3023716964227639 0.2348806959777321 0.6695953801311161 0.6024200676751893 0.7620022179243657 0.8985073456272326 0.40769907420413704 0.5162096727070499 0.13980275847057705 0.5266141815638583 0.6088641139954492 0.724329975424623 0.40461107838106875 0.5028087768620638 0.711141617143969 0.3199906475001885 0.3350136151540409 0.1248556899049407 0.4089299073121858 0.5785544538466707 0.4832061190239293
0.13685559655300067 0.4389365789938379 0.7630554881807837 0.7850002006485527 0.35488941211363123 0.7220504122636522 0.8307306698547215 0.7294464404086399 0.822314866018467 0.5537244012955123 0.7325071946720512 0.33595106203313185 1.1887920515142345 0.5268224272256564 0.6262840479519269 0.7703310468199851 0.8493636151753508 0.44105425130414777 0.42747394630859437 0.4753560553262212 0.0 0.32058384083804803 0.7794171769429312 0.1665380976374717 0.8555034900222439 0.7699125650609893 0.7569188836399849 0.22191552091776828 0.1358553900107372 0.17386217680174101 0.25227477708771723 0.2018039339968582 0.2990179562568679 0.9552781570766863 0.9328730818805412 0.12148207476509995 0.7763163776106752 0.507376668819701 0.5930441216568085 0.14064422496657655 0.7536013989963395 0.30260732060682494 0.15072864127782712 0.5971841976824582 0.6318631881583567 0.8064026645278505 0.43108771931086975 0.1183815527969318 0.8237301711842904 0.029689954651657663
0.34218897241077706 0.19108103747069646 0.5649390383974877 0.5262784787049921 0.30315381924284784 0.43192822620614246 0.5213467492901651 0.7611884192841077 0.7699845383147927 0.35676126161317046 0.41378478722353057 0.2152869889307308 0.9462607198318158 0.42807172794367676 0.6874020193474134 0.46078649732465893 0.5310604464913903 0.1210935345369854 0.5170627473103137 0.4596038824086933 0.32058384083804803 0.0 0.48530531841761765 0.2961851978110687 0.5377556545907327 0.4570163802693781 0.49250191206904514 0.32234235829728397 0.2818357703097219 0.28623865859892433 0.2719562868156815 0.39031598774346493 0.1735953208059472 0.6514032851568357 0.6132877514832685 0.20795306590485277 0.5115572677270596 0.5674309000440328 0.281889998731768 0.3542000783383473 0.4330485958686207 0.05537434259640448 0.19347745755569487 0.2989541237885179 0.4266090897944048 0.7707064284304043 0.346947217468173 0.21080185485634184 0.5466600111126166 0.34993433095290216
0.741280444570488 0.5346505064849829 0.7689732750589534 0.6209134383672605 0.7453044322450172 0.058474236417314945 0.42172348750360983 1.167941705036182 1.1083367937501372 0.6528346967407708 0.18447945302451008 0.6561093204734677 0.9609187569198403 0.7988478180375979 1.1190142934732816 0.08991435384260205 0.3400096963352815 0.3952554981555974 0.9777195638200972 0.8806729233141143 0.7794171769429312 0.48530531841761765 0.0 0.7814674971098571 0.1889736889775867 0.11600463039842425 0.5883942969423744 0.6662891903217552 0.6865733059605874 0.7713621104935421 0.7472354164337969 0.7554082835090131 0.49480939244380595 0.5264369937220129 0.2647044844069716 0.6844336466264483 0.597028975553261 1.0108974124200707 0.3751651778009913 0.7520276616441297 0.235819534862616 0.5309979588468393 0.6297569217179391 0.1864257705619845 0.675423384863696 1.1242330684498345 0.7558173844351196 0.6868934088904436 0.5786400196773143 0.8087444373100187
0.2953948432071537 0.337668125345118 0.6158237678371694 0.6613549471616006 0.19663784022552416 0.72799743188258 0.74624011434003 0.5720559310273341 0.6560536745047172 0.415972194705877 0.696373158338247 0.2048649103257102 1.0493614891031193 0.36562967590048956 0.47377468841321446 0.7534047620276824 0.7822474592020049 0.3988026537674506 0.2766294099035808 0.30885273374126065 0.1665380976374717 0.2961851978110687 0.7814674971098571 0.0 0.8206959269702202 0.747354910887926 0.6374319316899458 0.3615232312202405 0.2717817288973905 0.013071133788696093 0.09467273815774221 0.36296286615719353 0.36356641715427596 0.8606596242879169 0.8899143598120605 0.12603775676533954 0.6562929166806266 0.3513475202500183 0.5210315848279176 0.3016924512629461 0.7053439844409435 0.2530198137660885 0.22599920861301528 0.5951390304343391 0.49207385467563225 0.6409022351875879 0.27235162749571 0.1255713653501942 0.7096320898651557 0.17635719863481872
0.8451720992028806 0.5180399306837479 0.6590588423367926 0.4925608420483339 0.7387664458086587 0.2227016244200686 0.26480379243631974 1.1167555236470899 1.0259984739135144 0.5919008575712634 0.12450897387631708 0.6579325899587982 0.7889255468736223 0.7506275960820691 1.0848841661368738 0.11582333506040934 0.16999060378857922 0.4230155791971342 0.9711842100370571 0.8514425757428123 0.8555034900222439 0.5377556545907327 0.1889736889775867 0.8206959269702202 0.0 0.0996319639119694 0.4656014273918983 0.7847690122686072 0.7861095043904262 0.8089483787572763 0.7664332402372321 0.8717001495453429 0.6020776348586533 0.34811400071861404 0.08574941218088293 0.7457033973168168 0.46927665692917203 0.9892123487384752 0.3256064983538889 0.8567815892435434 0.12718520124627805 0.570061354633057 0.7139607796394057 0.2809186995617485 0.5929335856667921 1.0479061194789032 0.7299347801658582 0.7485570388914298 0.4362992164864051 0.8851534167003481
0.7522073360826166 0.4655197796839859 0.662831253956426 0.5090956084190582 0.6840119245634345 0.13151937525362148 0.30572875194703686 1.0864045219469394 1.0132566109348675 0.5640067851841583 0.07545635545302222 0.5986289023900923 0.8453139232668845 0.7169442272876535 1.045449727966465 0.02609135469139894 0.22606115240501903 0.348998024573842 0.9178656979679308 0.8084520593308819 0.7699125650609893 0.4570163802693781 0.11600463039842425 0.747354910887926 0.0996319639119694 0.0 0.47765736796859704 0.6886568312835071 0.6939208990269751 0.7361508119308391 0.7006170334337359 0.7762315021512404 0.5072441846565391 0.4131161204440052 0.1853448240059372 0.6641145573878335 0.4852074377225659 0.9431766583022058 0.28602914957743725 0.7636621082454986 0.12107614807847393 0.49448768103221696 0.6252816098187699 0.1835836527157052 0.5780719350580988 1.0316140971038334 0.6844277440720332 0.6668592316375896 0.46405867805755413 0.7996010841759297
0.8220036222140812 0.3202019292182571 0.1956888913768931 0.03672462663884975 0.4657672056050136 0.5772626544561689 0.21790583463816957 0.7025649794771514 0.5758708664259645 0.23562163132013686 0.4043135595906885 0.4326871172880537 0.4551198239183809 0.3782064469472318 0.7005846093374838 0.5022903572627072 0.3118954360929736 0.40253879572308976 0.6528126405345627 0.501795377163772 0.7569188836399849 0.49250191206904514 0.5883942969423744 0.6374319316899458 0.4656014273918983 0.47765736796859704 0.0 0.8144804932573227 0.7646474873924806 0.6245113452873747 0.548086721210291 0.8773629565550733 0.6557148784147215 0.2623445151472111 0.4754721728960547 0.6373423875441785 0.019469751779032575 0.6369955904253831 0.25974081189424486 0.8335508396959854 0.3579550253274274 0.47623743929807427 0.6726678815517181 0.5046017417116454 0.18232562098103985 0.6034060777807033 0.4131588793182841 0.6403453350770311 0.07718857908935826 0.7811705367199995
0.0992648918198374 0.503128493508556 0.8703150162488289 0.847821601182961 0.511476262483218 0.6080107035564227 0.8302147536229512 0.9332120674473726 1.0016212395424176 0.6559265144505427 0.6719375092343405 0.4574335997252972 1.2670785299097422 0.6777684797234692 0.835100641014408 0.6817693483273878 0.8228848287344457 0.4285129984047385 0.6370930558208923 0.6564330836291195 0.22191552091776828 0.32234235829728397 0.6662891903217552 0.3615232312202405 0.7847690122686072 0.6886568312835071 0.8144804932573227 0.0 0.09018983692925307 0.36341482369063177 0.42155278217923575 0.08916046044564806 0.1843442202265757 0.9634420600067253 0.8688265420735313 0.2487341259004549 0.833620325058293 0.7128700620198499 0.5950584282998012 0.10484513578373084 0.7076304717371518 0.34237522466810105 0.159420306321659 0.5051140955127352 0.7317191734662132 0.9913525218324657 0.5818610186630171 0.2475333075630829 0.8687976550676578 0.23765952733193635
0.0608808071288476 0.4466178012570086 0.804406915054802 0.7964196827993786 0.42916034706432404 0.6281849453307281 0.8022629620956574 0.8437606268096284 0.916636762698198 0.5897802709811921 0.6676172619987781 0.3826389736034247 1.212442005551179 0.5982638442376962 0.7451023218081437 0.6903711674874228 0.8054055662907612 0.39867199857814495 0.546971427901614 0.5701601831504951 0.1358553900107372 0.2818357703097219 0.6865733059605874 0.2717817288973905 0.7861095043904262 0.6939208990269751 0.7646474873924806 0.09018983692925307 0.0 0.2741170411807965 0.33562335950729594 0.11395917210166015 0.19189403017766213 0.933070493821644 0.8678174501242528 0.1637487592528514 0.7840382582828306 0.6230779605971574 0.5632566689193271 0.0729243865817421 0.6972976985978753 0.28847462317251354 0.09200719225491417 0.5130742386822923 0.6670746897498878 0.9051535981855238 0.5016133567900567 0.16214002047554676 0.8238692342234365 0.15580734098321725
0.300181139260198 0.3246555800887229 0.6041513372406981 0.6485320580014403 0.18583198611815888 0.718162410432009 0.7332715209760285 0.5697972924875828 0.6499109982263241 0.4035305854160684 0.6846818411197058 0.19189777918813564 1.0372713845376473 0.3557500751141596 0.47286403502385355 0.7424362719288571 0.7695679730209236 0.3874097859953444 0.2767936563896261 0.3023716964227639 0.17386217680174101 0.28623865859892433 0.7713621104935421 0.013071133788696093 0.8089483787572763 0.7361508119308391 0.6245113452873747 0.36341482369063177 0.2741170411807965 0.0 0.08317587465295367 0.3679405985091704 0.35884078936453195 0.8475970805591245 0.8778447252504239 0.12345395943527473 0.6433875244772734 0.34989134034636443 0.5083949338297367 0.30688593471098274 0.6932221302729034 0.2420797038380819 0.22419191542513223 0.5851220417988356 0.47980328666577093 0.6354772785162055 0.26181465972030915 0.12330640059256125 0.6966410957523953 0.18529567144050677
0.37010117703601264 0.26198690114545525 0.5211510302692931 0.5706321158881107 0.10319899397488749 0.6969992602859629 0.6694239585285696 0.5205086729258528 0.5810421872994255 0.3227688682831699 0.643552526605027 0.11983401922754593 0.9549767065373198 0.27459844658066956 0.43230331069215466 0.7095230803575922 0.7128101441134493 0.3536696542328799 0.24824443177187178 0.2348806959777321 0.25227477708771723 0.2719562868156815 0.7472354164337969 0.09467273815774221 0.7664332402372321 0.7006170334337359 0.548086721210291 0.42155278217923575 0.33562335950729594 0.08317587465295367 0.0 0.4378337102238305 0.38251333658708125 0.7787960368922443 0.83072089485063 0.17281865722023035 0.5666740480592873 0.3086751741106463 0.4539716560433236 0.3780550073119161 0.6461594772101776 0.21950787419420428 0.2691851308297822 0.5633665118147325 0.3981712592793669 0.5698414474593528 0.17945347555690366 0.17405909655381327 0.6216282720053303 0.2665396123972395
0.067875288706344 0.5601695761274276 0.9179932782586836 0.9094730013960908 0.5354843835132701 0.6971091246140628 0.9069502600392297 0.9310494456446444 1.0172221431713389 0.703454718503843 0.7573631525367419 0.49448839350171186 1.3261161633144811 0.7064248000413385 0.8280762266119949 0.7698717826636211 0.9042501179349686 0.5032033155264073 0.6292775636526249 0.6695953801311161 0.2018039339968582 0.39031598774346493 0.7554082835090131 0.36296286615719353 0.8717001495453429 0.7762315021512404 0.8773629565550733 0.08916046044564806 0.11395917210166015 0.3679405985091704 0.4378337102238305 0.0 0.2697597983082724 1.0390942552828246 0.9553293797982132 0.2708980743591006 0.8967139110598281 0.7090048239336881 0.6693493783688048 0.06146361059540679 0.791351049642827 0.40118168694775447 0.20549915901677968 0.592849686563562 0.7808724390071748 1.0034025222565415 0.6095302363168467 0.2688198727477231 0.9353934659028721 0.20659253458184992
0.24694779113714938 0.36456577910923343 0.7383185992891099 0.6907401998209028 0.44510260190210504 0.43638746042799065 0.6509259685491702 0.8995852361148978 0.9299337747397733 0.5301448236202525 0.48784772404535226 0.3676901552757061 1.110833342216599 0.5901904738621029 0.8147094064891268 0.501937957039617 0.6394851761490077 0.25634192367494774 0.6278101900687871 0.6024200676751893 0.2990179562568679 0.1735953208059472 0.49480939244380595 0.36356641715427596 0.6020776348586533 0.5072441846565391 0.6557148784147215 0.1843442202265757 0.19189403017766213 0.35884078936453195 0.38251333658708125 0.2697597983082724 0.0 0.7849765474555251 0.6855757890375923 0.23931968548881533 0.674254734153522 0.6911796945006045 0.4204489950478628 0.25798699616678733 0.523329012023353 0.21537525958472656 0.15119841462368183 0.3244362410163848 0.6001476484586415 0.9270917738045727 0.5019155232153965 0.24046461432391272 0.7033269304971959 0.3265094298467297
0.9935648064528346 0.5238896664890508 0.4344061119928026 0.2636439783084697 0.7091295866233412 0.5422959930405471 0.13450557927056256 0.9601317554635782 0.8171398801921832 0.4892787131850116 0.3644875763999015 0.6591406346908795 0.4417998245890472 0.6394008776934798 0.962529746724405 0.43852823873808505 0.1870906850152429 0.5359158622785878 0.9105631021223715 0.7620022179243657 0.9552781570766863 0.6514032851568357 0.5264369937220129 0.8606596242879169 0.34811400071861404 0.4131161204440052 0.2623445151472111 0.9634420600067253 0.933070493821644 0.8475970805591245 0.7787960368922443 1.0390942552828246 0.7849765474555251 0.0 0.3106004391084234 0.8339055679306288 0.2508302943453298 0.8985080288071461 0.3699145272987858 1.0055844317066318 0.30863205551900413 0.6547633175992739 0.8445306462651431 0.5312802129844243 0.44416169918344006 0.8488624923687201 0.6656475619156118 0.8370126319494275 0.1891036544297918 0.9824165613131733
0.9272918426433796 0.5757757504464949 0.6711609618075434 0.49761283704833204 0.7954303450320114 0.30462108757166995 0.26015331666685915 1.1522565788741779 1.0477621109793154 0.6306657248454937 0.20085490983169219 0.7185305359145995 0.7507568772968601 0.7915474910924611 1.1277327996283213 0.20026452079391918 0.16361787998355154 0.49570443400903025 1.0252549028136277 0.8985073456272326 0.9328730818805412 0.6132877514832685 0.2647044844069716 0.8899143598120605 0.08574941218088293 0.1853448240059372 0.4754721728960547 0.8688265420735313 0.8678174501242528 0.8778447252504239 0.83072089485063 0.9553293797982132 0.6855757890375923 0.3106004391084234 0.0 0.8207547686869171 0.4756396312731232 1.0376786545926069 0.38028611561032977 0.9389858913235126 0.18478330068521692 0.6421873775941693 0.793625710699153 0.3660837002637608 0.6215828874260716 1.072440774809902 0.7799557119144485 0.8236694580271331 0.4332286180208695 0.9624354183003117
0.204638315275272 0.3182476714484944 0.6540488569714464 0.6661893038679914 0.26560240734900736 0.6286466474964172 0.7099129097206421 0.6884064673003577 0.75332906345963 0.441426069330512 0.6216627728145431 0.2264192653376919 1.0739100413246876 0.43568859632228074 0.5942989163043555 0.6667749702314799 0.7310214143100254 0.3257095685070944 0.39972041256561475 0.40769907420413704 0.12148207476509995 0.20795306590485277 0.6844336466264483 0.12603775676533954 0.7457033973168168 0.6641145573878335 0.6373423875441785 0.2487341259004549 0.1637487592528514 0.12345395943527473 0.17281865722023035 0.2708980743591006 0.23931968548881533 0.8339055679306288 0.8207547686869171 0.0 0.6567820747385802 0.47071317287173764 0.47304044268244644 0.21413836678726375 0.6392454152958095 0.18301679228901405 0.10093032387558813 0.49886477554166486 0.5196607150090817 0.7426370820386715 0.33883481338801225 0.003107831984150794 0.7031664015506609 0.14863301758436218
0.8414325989272307 0.3396716324651006 0.19686140244458403 0.023895821041155247 0.4835269947861979 0.5875634667865445 0.21633039507694066 0.7110621050389606 0.5796302691578458 0.2525838005742108 0.4126332734187365 0.45161751008245404 0.43666863010904905 0.39220904388658884 0.7117333646405368 0.5101357908063052 0.3120864540321712 0.4205903123508481 0.667991976962173 0.5162096727070499 0.7763163776106752 0.5115572677270596 0.597028975553261 0.6562929166806266 0.46927665692917203 0.4852074377225659 0.019469751779032575 0.833620325058293 0.7840382582828306 0.6433875244772734 0.5666740480592873 0.8967139110598281 0.674254734153522 0.2508302943453298 0.4756396312731232 0.6567820747385802 0.0 0.6505299040734759 0.27539150078885744 0.8529848229766337 0.3648292356436666 0.49561118435437945 0.6920642426966842 0.5180904116107565 0.19625054791777263 0.608178317112551 0.4298115164120448 0.6597836679103809 0.06261458417222687 0.8005263940192139
0.642711892731608 0.4781450657620727 0.5110191551385318 0.6427589669443035 0.2686507127074334 0.9669797951842043 0.8229367214382416 0.2220707360808375 0.3517012443347799 0.4156847518778408 0.8755614624869048 0.35983257232122 0.9272042519082518 0.2591340316668405 0.12389741751069598 0.9574279000088195 0.893008941341784 0.6203996065599123 0.08342356842413308 0.13980275847057705 0.507376668819701 0.5674309000440328 1.0108974124200707 0.3513475202500183 0.9892123487384752 0.9431766583022058 0.6369955904253831 0.7128700620198499 0.6230779605971574 0.34989134034636443 0.3086751741106463 0.7090048239336881 0.6911796945006045 0.8985080288071461 1.0376786545926069 0.47071317287173764 0.6505299040734759 0.0 0.6638025326673206 0.6476177210939723 0.862264560090687 0.5121833285180218 0.5712710536840221 0.8366203222179697 0.4546708260596612 0.32390909351231234 0.25943240954409036 0.4710887231066448 0.7131162986646264 0.5070457279636724
0.6238379910468398 0.19559021236746896 0.4088389167125476 0.2964504580775829 0.4152716462488495 0.3477820590053157 0.23956381988058956 0.8004077338783363 0.7331958109104001 0.27880224641717277 0.21401801379419938 0.3391035500650345 0.7052725784768471 0.43108766327471354 0.7618105292493206 0.30436019131922515 0.2613273525210626 0.1665747835918858 0.6463086891621952 0.5266141815638583 0.5930441216568085 0.281889998731768 0.3751651778009913 0.5210315848279176 0.3256064983538889 0.28602914957743725 0.25974081189424486 0.5950584282998012 0.5632566689193271 0.5083949338297367 0.4539716560433236 0.6693493783688048 0.4204489950478628 0.3699145272987858 0.38028611561032977 0.47304044268244644 0.27539150078885744 0.6638025326673206 0.0 0.6358692534723944 0.1991826046264335 0.29043850580509095 0.47532145102443063 0.2516229752548702 0.30188459444404336 0.7492551415096674 0.4044226983676897 0.47613051887296176 0.2903620273573704 0.6212593968603457
0.012050529246768589 0.5142536696332476 0.8658089233660464 0.864750068256419 0.47684690188262474 0.6935550218071311 0.8750043565804064 0.8696480793106134 0.9565135841798635 0.6518373520080526 0.7391288655812257 0.439813082181307 1.2789908016275835 0.648380786939724 0.7668956757159854 0.7593114436877467 0.8782538330092521 0.4715363791631414 0.5680566910185654 0.6088641139954492 0.14064422496657655 0.3542000783383473 0.7520276616441297 0.3016924512629461 0.8567815892435434 0.7636621082454986 0.8335508396959854 0.10484513578373084 0.0729243865817421 0.30688593471098274 0.3780550073119161 0.06146361059540679 0.25798699616678733 1.0055844317066318 0.9389858913235126 0.21413836678726375 0.8529848229766337 0.6476177210939723 0.6358692534723944 0.0 0.7696002616206498 0.35820220215095877 0.16212707938963125 0.5817892799995275 0.729711734544332 0.9423537064968287 0.5515009909584371 0.21184548670652656 0.8940582121522165 0.14734911490186342
0.7576972200080905 0.3932989012299233 0.5460864615042801 0.38868891753815593 0.6138133817457903 0.2387053921604593 0.1894988248298285 0.9905365823076853 0.9049341514950215 0.4655708071995198 0.056372553168263284 0.5349330588227621 0.7303166100249978 0.6237213994899791 0.9577248632266995 0.14667501924724094 0.12725630830887066 0.3135367184611759 0.8454332646554096 0.724329975424623 0.7536013989963395 0.4330485958686207 0.235819534862616 0.7053439844409435 0.12718520124627805 0.12107614807847393 0.3579550253274274 0.7076304717371518 0.6972976985978753 0.6932221302729034 0.6461594772101776 0.791351049642827 0.523329012023353 0.30863205551900413 0.18478330068521692 0.6392454152958095 0.3648292356436666 0.862264560090687 0.1991826046264335 0.7696002616206498 0.0 0.4589936664874961 0.6185914772664625 0.22873162943121347 0.4701794479563786 0.9254670325665517 0.6031012280664919 0.6422083932492306 0.34306217071608874 0.7829805165449266
0.34649347922264 0.16075492851523707 0.5310165649211868 0.5083121750223225 0.2478716534654856 0.47921783717341704 0.5285096618300769 0.7061183124651332 0.7187268407052578 0.3186952394340461 0.4455523878762539 0.16072324766093016 0.9259016360768286 0.37727023970479284 0.6320342224578595 0.5003908729882138 0.548044871091678 0.14704577938307492 0.46276998574356637 0.40461107838106875 0.30260732060682494 0.05537434259640448 0.5309979588468393 0.2530198137660885 0.570061354633057 0.49448768103221696 0.47623743929807427 0.34237522466810105 0.28847462317251354 0.2420797038380819 0.21950787419420428 0.40118168694775447 0.21537525958472656 0.6547633175992739 0.6421873775941693 0.18301679228901405 0.49561118435437945 0.5121833285180218 0.29043850580509095 0.35820220215095877 0.4589936664874961 0.0 0.19657366790525513 0.345579573157011 0.3920685306503737 0.7183430933689551 0.29353510874251704 0.18608556711289473 0.5358575841067796 0.330865405759869
